0011000100100000100000000000000000101011101010101011010101010101
0011000100100000111000100100000100010101010101000000101010010111
0010000000000001011000100100000101100010010000010110001001000001
0010000001000000000011000101000001100010010000010110001001000001
0001100010010000010000000000000000110001001000001000110001010000
1000001000000000000101011010011100000000000111100001010101010010
0000000000011110011000100100000100010101010101010101110101010010
1000011000101000000000100000000001100010010000010110001001000001
0011000100100000111000100100000100010101010101000000101010010111
0010000000000001011000100100000101100010010000010110001001000001
0000000000011110011000100100000100010101010101010101110101010010
0011000100100000101100010010000011100010010000010110001001000001
0000000000000000011000100100000101010101010101010101010101010101
0011000100100000101100010010000011100010010000010110001001000001
0010000000000001011000100100000100000000000111100001010101010010
0010000001000000011000100100000100110001001000001000000000000000
0000110001010000010100010101010101010101010101010101010100101010
1000001000000000011000100100000100110001001000001000000000000000
0000000000001111000010101010100100000000000111100001010101010010
1100000100000000000000100000000001100010010000010110001001000001
0000110001010000010100010101010101010101010101010101010100101010
1000001000000000000101011010011100000000000111100001010101010010
0000000000011110011000100100000100010101010101010101110101010010
0000000000000000011000100100000101010101010101010101010101010101
0011000100100000101100010010000011100010010000010110001001000001
0011000100100000100000000000000000101011101010101011010101010101
0000000000001111000010101010100100000000000111100001010101010010
0010000000000001011000100100000101100010010000010110001001000001
0000000000001111000010101010100100000000000111100001010101010010
1100000100000000000000100000000001100010010000010110001001000001
0000110001010000010100010101010101010101010101010101010100101010
1000001000000000000101011010011100000000000111100001010101010010
0000000000011110011000100100000100010101010101010101110101010010
0011000100100000101100010010000011100010010000010110001001000001
0010000000000001011000100100000100000000000111100001010101010010
0010000001000000011000100100000100110001001000001000000000000000
0000110001010000010100010101010101010101010101010101010100101010
0000000000011110011000100100000100010101010101010101110101010010
0101010101010100000000111111101010101010101010011010010111010101
1000001000000000000101011010011100000000000111100001010101010010
0101010101010010101010010101010101010010101111001010101001010100
0011000100100000101100010010000011100010010000010110001001000001
0010000000000001011000100100000100000000000111100001010101010010
0000110001010000010100010101010101010101010101010101010100101010
1000001000000000011000100100000100110001001000001000000000000000
0000000000001111000010101010100100000000000111100001010101010010
0010000001000000011000100100000100110001001000001000000000000000
0000110001010000010100010101010101010101010101010101010100101010
